{
    "mae": 36089203.41156746,
    "rmse": 104998559.69842981,
    "r2": 0.44990327164981514
}