{
    "mae": 15198617.87367775,
    "rmse": 29151834.2698181,
    "r2": 0.9250235539495796
}